0.000000 50.000000
0.500000 50.492104
1.000000 50.971669
1.500000 51.438575
2.000000 51.892704
2.500000 52.333944
3.000000 52.762185
3.500000 53.177318
4.000000 53.579240
4.500000 53.967851
5.000000 54.343054
5.500000 54.704755
6.000000 55.052863
6.500000 55.387292
7.000000 55.707957
7.500000 56.014779
8.000000 56.307681
8.500000 56.586590
9.000000 56.851436
9.500000 57.102152
10.000000 57.338676
10.500000 57.560950
11.000000 57.768917
11.500000 57.962525
12.000000 58.141726
12.500000 58.306476
13.000000 58.456732
13.500000 58.592458
14.000000 58.713619
14.500000 58.820186
15.000000 58.912131
15.500000 58.989432
16.000000 59.052069
16.500000 59.100027
17.000000 59.133294
17.500000 59.151860
18.000000 59.155723
18.500000 59.144880
19.000000 59.119334
19.500000 59.079093
20.000000 59.024165
20.500000 58.954565
21.000000 58.870309
21.500000 58.771420
22.000000 58.657922
22.500000 58.529843
23.000000 58.387215
23.500000 58.230073
24.000000 58.058458
24.500000 57.872412
25.000000 57.671982
25.500000 57.457217
26.000000 57.228171
26.500000 56.984902
27.000000 56.727471
27.500000 56.455941
28.000000 56.170381
28.500000 55.870862
29.000000 55.557458
29.500000 55.230249
30.000000 54.889316
30.500000 54.534745
31.000000 54.166623
31.500000 53.785043
32.000000 53.390101
32.500000 52.981895
33.000000 52.560526
33.500000 52.126102
34.000000 51.678729
34.500000 51.218520
35.000000 50.745591
35.500000 50.260058
36.000000 49.762044
36.500000 49.251673
37.000000 48.729073
37.500000 48.194374
38.000000 47.647710
38.500000 47.089218
39.000000 46.519037
39.500000 45.937310
40.000000 45.344182
40.500000 44.739801
41.000000 44.124320
41.500000 43.497890
42.000000 42.860670
42.500000 42.212818
43.000000 41.554497
43.500000 40.885870
44.000000 40.207106
44.500000 39.518373
45.000000 38.819844
45.500000 38.111694
46.000000 37.394099
46.500000 36.667240
47.000000 35.931297
47.500000 35.186455
48.000000 34.432899
48.500000 33.670819
49.000000 32.900405
49.500000 32.121849
50.000000 31.335347
