100.000000 50.000000
96.196639 56.849737
91.913923 63.416343
87.173257 69.666999
81.998334 75.570464
76.415018 81.097235
70.451214 86.219687
64.136729 90.912221
57.503122 95.151382
50.583547 98.915984
43.412587 102.187212
36.026083 104.948716
28.460952 107.186695
20.755003 108.889963
12.946751 110.050008
5.075219 110.661031
-2.820250 110.719980
-10.700196 110.226559
-18.525235 109.183234
-26.256258 107.595220
-33.854627 105.470453
-41.282365 102.819554
-48.502350 99.655771
-55.478495 95.994916
-62.175936 91.855286
-68.561199 87.257570
-74.602371 82.224748
-80.269258 76.781973
-85.533538 70.956447
-90.368900 64.777287
-94.751179 58.275375
-98.658471 51.483207
-102.071248 44.434730
-104.972453 37.165171
-107.347587 29.710863
-109.184778 22.109063
-110.474845 14.397763
-111.211340 6.615504
-111.390582 -1.198820
-111.011675 -9.006152
-110.076513 -16.767473
-108.589770 -24.443992
-106.558876 -31.997342
-103.993982 -39.389772
-100.907906 -46.584336
-97.316073 -53.545076
-93.236435 -60.237203
-88.689380 -66.627269
-83.697636 -72.683338
-78.286149 -78.375142
-72.481967 -83.674235
-66.314098 -88.554130
-59.813369 -92.990440
-53.012270 -96.960992
-45.944791 -100.445942
-38.646257 -103.427871
-31.153143 -105.891877
-23.502901 -107.825644
-15.733765 -109.219508
-7.884566 -110.066503
0.005468 -110.362394
7.896903 -110.105704
15.750298 -109.297716
23.526402 -107.942466
31.186351 -106.046730
38.691861 -103.619981
46.005420 -100.674349
53.090476 -97.224555
59.911619 -93.287842
66.434755 -88.883883
72.627285 -84.034691
78.458257 -78.764501
83.898530 -73.099653
88.920912 -67.068459
93.500304 -60.701063
97.613816 -54.029289
101.240891 -47.086481
104.363400 -39.907340
106.965737 -32.527745
109.034897 -24.984579
110.560537 -17.315543
111.535032 -9.558966
111.953513 -1.753615
111.813888 6.061501
111.116854 13.847321
109.865895 21.564933
108.067263 29.175765
105.729948 36.641779
102.865632 43.925659
99.488630 50.991003
95.615819 57.802497
91.266557 64.326098
86.462580 70.529203
81.227899 76.380808
75.588675 81.851668
69.573093 86.914439
63.211218 91.543819
56.534847 95.716670
49.577348 99.412137
42.373493 102.611750
34.959287 105.299517
27.371785 107.462006
19.648909 109.088408
11.829258 110.170595
3.951913 110.703157
-3.943756 110.683435
-11.818286 110.111525
-19.632321 108.990287
-27.346807 107.325323
-34.923189 105.124956
-42.323599 102.400184
-49.511051 99.164623
-56.449623 95.434445
-63.104637 91.228293
-69.442831 86.567189
-75.432528 81.474429
-81.043791 75.975467
-86.248576 70.097785
-91.020870 63.870759
-95.336821 57.325513
-99.174858 50.494757
-102.515800 43.412633
-105.342948 36.114536
-107.642174 28.636941
-109.401984 21.017220
-110.613585 13.293457
-111.270920 5.504253
-111.370704 -2.311460
-110.912438 -10.114622
-109.898414 -17.866232
-108.333698 -25.527548
-106.226112 -33.060280
-103.586188 -40.426781
-100.427121 -47.590231
-96.764700 -54.514831
-92.617229 -61.165970
-88.005437 -67.510407
-82.952373 -73.516433
-77.483291 -79.154030
-71.625527 -84.395023
-65.408356 -89.213217
-58.862852 -93.584530
-52.021728 -97.487117
-44.919176 -100.901471
-37.590694 -103.810529
-30.072908 -106.199751
-22.403393 -108.057195
-14.620479 -109.373579
-6.763066 -110.142324
1.129577 -110.359586
9.018002 -110.024281
16.862784 -109.138085
24.624715 -107.705425
32.265002 -105.733463
39.745459 -103.232055
47.028700 -100.213701
54.078323 -96.693489
60.859095 -92.689010
67.337126 -88.220281
73.480040 -83.309633
79.257135 -77.981612
