0.000000 40.000000
0.250000 42.496876
0.500000 44.975037
0.750000 47.415909
1.000000 49.801197
1.250000 52.113021
1.500000 54.334054
1.750000 56.447649
2.000000 58.437964
2.250000 60.290081
2.500000 61.990117
2.750000 63.525330
3.000000 64.884213
3.250000 66.056582
3.500000 67.033648
3.750000 67.808088
4.000000 68.374098
4.250000 68.727436
4.500000 68.865452
4.750000 68.787113
5.000000 68.493005
5.250000 67.985333
5.500000 67.267903
5.750000 66.346090
6.000000 65.226806
6.250000 63.918439
6.500000 62.430795
6.750000 60.775026
7.000000 58.963542
7.250000 57.009919
7.500000 54.928803
7.750000 52.735790
8.000000 50.447318
8.250000 48.080540
8.500000 45.653196
8.750000 43.183480
9.000000 40.689903
9.250000 38.191154
9.500000 35.705963
9.750000 33.252958
10.000000 30.850524
10.250000 28.516667
10.500000 26.268882
10.750000 24.124017
11.000000 22.098146
11.250000 20.206456
11.500000 18.463124
11.750000 16.881218
12.000000 15.472595
12.250000 14.247812
12.500000 13.216050
12.750000 12.385042
13.000000 11.761017
13.250000 11.348651
13.500000 11.151037
13.750000 11.169655
14.000000 11.404365
14.250000 11.853408
14.500000 12.513419
14.750000 13.379451
15.000000 14.445012
15.250000 15.702115
15.500000 17.141339
15.750000 18.751896
16.000000 20.521713
16.250000 22.437527
16.500000 24.484977
16.750000 26.648717
17.000000 28.912529
17.250000 31.259445
17.500000 33.671874
17.750000 36.131735
18.000000 38.620589
18.250000 41.119783
18.500000 43.610583
18.750000 46.074321
19.000000 48.492530
19.250000 50.847085
19.500000 53.120337
19.750000 55.295249
20.000000 57.355517
20.250000 59.285701
20.500000 61.071333
20.750000 62.699028
21.000000 64.156586
21.250000 65.433084
21.500000 66.518953
21.750000 67.406053
22.000000 68.087737
22.250000 68.558895
22.500000 68.815994
22.750000 68.857109
23.000000 68.681930
23.250000 68.291772
23.500000 67.689558
23.750000 66.879801
24.000000 65.868573
24.250000 64.663451
24.500000 63.273469
24.750000 61.709045
25.000000 59.981905
25.250000 58.104994
25.500000 56.092381
25.750000 53.959150
26.000000 51.721291
26.250000 49.395577
26.500000 46.999441
26.750000 44.550841
27.000000 42.068131
27.250000 39.569921
27.500000 37.074933
27.750000 34.601870
28.000000 32.169268
28.250000 29.795360
28.500000 27.497938
28.750000 25.294223
29.000000 23.200733
29.250000 21.233159
29.500000 19.406248
29.750000 17.733693
30.000000 16.228032
30.250000 14.900548
30.500000 13.761194
30.750000 12.818507
31.000000 12.079554
31.250000 11.549873
31.500000 11.233435
31.750000 11.132612
32.000000 11.248159
32.250000 11.579209
32.500000 12.123283
32.750000 12.876301
33.000000 13.832620
33.250000 14.985072
33.500000 16.325018
33.750000 17.842416
34.000000 19.525892
34.250000 21.362827
34.500000 23.339454
34.750000 25.440957
35.000000 27.651585
35.250000 29.954768
35.500000 32.333243
35.750000 34.769183
36.000000 37.244330
36.250000 39.740131
36.500000 42.237880
36.750000 44.718855
37.000000 47.164461
37.250000 49.556367
37.500000 51.876645
37.750000 54.107904
38.000000 56.233420
38.250000 58.237261
38.500000 60.104408
38.750000 61.820867
39.000000 63.373771
39.250000 64.751481
39.500000 65.943672
39.750000 66.941406
40.000000 67.737206
40.250000 68.325107
40.500000 68.700702
40.750000 68.861177
41.000000 68.805328
41.250000 68.533574
41.500000 68.047952
41.750000 67.352102
42.000000 66.451239
42.250000 65.352116
42.500000 64.062971
42.750000 62.593466
43.000000 60.954617
43.250000 59.158705
43.500000 57.219194
43.750000 55.150619
44.000000 52.968485
44.250000 50.689149
44.500000 48.329694
44.750000 45.907805
45.000000 43.441635
45.250000 40.949670
45.500000 38.450586
45.750000 35.963116
46.000000 33.505903
46.250000 31.097366
46.500000 28.755556
46.750000 26.498028
47.000000 24.341700
47.250000 22.302737
47.500000 20.396420
47.750000 18.637038
48.000000 17.037779
48.250000 15.610628
48.500000 14.366283
48.750000 13.314072
49.000000 12.461879
49.250000 11.816093
49.500000 11.381555
49.750000 11.161521
50.000000 11.157640
