0.000000 100.000000
0.500000 96.196639
1.000000 91.913923
1.500000 87.173257
2.000000 81.998334
2.500000 76.415018
3.000000 70.451214
3.500000 64.136729
4.000000 57.503122
4.500000 50.583547
5.000000 43.412587
5.500000 36.026083
6.000000 28.460952
6.500000 20.755003
7.000000 12.946751
7.500000 5.075219
8.000000 -2.820250
8.500000 -10.700196
9.000000 -18.525235
9.500000 -26.256258
10.000000 -33.854627
10.500000 -41.282365
11.000000 -48.502350
11.500000 -55.478495
12.000000 -62.175936
12.500000 -68.561199
13.000000 -74.602371
13.500000 -80.269258
14.000000 -85.533538
14.500000 -90.368900
15.000000 -94.751179
15.500000 -98.658471
16.000000 -102.071248
16.500000 -104.972453
17.000000 -107.347587
17.500000 -109.184778
18.000000 -110.474845
18.500000 -111.211340
19.000000 -111.390582
19.500000 -111.011675
20.000000 -110.076513
20.500000 -108.589770
21.000000 -106.558876
21.500000 -103.993982
22.000000 -100.907906
22.500000 -97.316073
23.000000 -93.236435
23.500000 -88.689380
24.000000 -83.697636
24.500000 -78.286149
25.000000 -72.481967
25.500000 -66.314098
26.000000 -59.813369
26.500000 -53.012270
27.000000 -45.944791
27.500000 -38.646257
28.000000 -31.153143
28.500000 -23.502901
29.000000 -15.733765
29.500000 -7.884566
30.000000 0.005468
30.500000 7.896903
31.000000 15.750298
31.500000 23.526402
32.000000 31.186351
32.500000 38.691861
33.000000 46.005420
33.500000 53.090476
34.000000 59.911619
34.500000 66.434755
35.000000 72.627285
35.500000 78.458257
36.000000 83.898530
36.500000 88.920912
37.000000 93.500304
37.500000 97.613816
38.000000 101.240891
38.500000 104.363400
39.000000 106.965737
39.500000 109.034897
40.000000 110.560537
40.500000 111.535032
41.000000 111.953513
41.500000 111.813888
42.000000 111.116854
42.500000 109.865895
43.000000 108.067263
43.500000 105.729948
44.000000 102.865632
44.500000 99.488630
45.000000 95.615819
45.500000 91.266557
46.000000 86.462580
46.500000 81.227899
47.000000 75.588675
47.500000 69.573093
48.000000 63.211218
48.500000 56.534847
49.000000 49.577348
49.500000 42.373493
50.000000 34.959287
50.500000 27.371785
51.000000 19.648909
51.500000 11.829258
52.000000 3.951913
52.500000 -3.943756
53.000000 -11.818286
53.500000 -19.632321
54.000000 -27.346807
54.500000 -34.923189
55.000000 -42.323599
55.500000 -49.511051
56.000000 -56.449623
56.500000 -63.104637
57.000000 -69.442831
57.500000 -75.432528
58.000000 -81.043791
58.500000 -86.248576
59.000000 -91.020870
59.500000 -95.336821
60.000000 -99.174858
60.500000 -102.515800
61.000000 -105.342948
61.500000 -107.642174
62.000000 -109.401984
62.500000 -110.613585
63.000000 -111.270920
63.500000 -111.370704
64.000000 -110.912438
64.500000 -109.898414
65.000000 -108.333698
65.500000 -106.226112
66.000000 -103.586188
66.500000 -100.427121
67.000000 -96.764700
67.500000 -92.617229
68.000000 -88.005437
68.500000 -82.952373
69.000000 -77.483291
69.500000 -71.625527
70.000000 -65.408356
70.500000 -58.862852
71.000000 -52.021728
71.500000 -44.919176
72.000000 -37.590694
72.500000 -30.072908
73.000000 -22.403393
73.500000 -14.620479
74.000000 -6.763066
74.500000 1.129577
75.000000 9.018002
75.500000 16.862784
76.000000 24.624715
76.500000 32.265002
77.000000 39.745459
77.500000 47.028700
78.000000 54.078323
78.500000 60.859095
79.000000 67.337126
79.500000 73.480040
80.000000 79.257135
